0.000000e+000 0.000000e+000 0.000000e+000 0.000000e+000 
2.750000e-001 1.846369e-002 1.745290e-001 1.778120e-001 
5.500000e-001 9.958342e-002 4.027753e-001 4.473211e-001 
8.250000e-001 2.296397e-001 5.228566e-001 6.787170e-001 
1.100000e+000 3.772863e-001 5.362876e-001 8.612104e-001 
1.375000e+000 5.185434e-001 4.834545e-001 1.004150e+000 
1.650000e+000 6.405736e-001 4.016576e-001 1.117496e+000 
1.925000e+000 7.390839e-001 3.154188e-001 1.208890e+000 
2.200000e+000 8.148577e-001 2.376892e-001 1.283819e+000 
2.475000e+000 8.710731e-001 1.735612e-001 1.346198e+000 
2.750000e+000 9.116236e-001 1.236248e-001 1.398844e+000 
3.025000e+000 9.402253e-001 8.630362e-002 1.443814e+000 
3.300000e+000 9.600324e-001 5.925762e-002 1.482641e+000 
3.575000e+000 9.735412e-001 4.012421e-002 1.516482e+000 
3.850000e+000 9.826363e-001 2.684813e-002 1.546225e+000 
4.125000e+000 9.886924e-001 1.778191e-002 1.572563e+000 
4.400000e+000 9.926864e-001 1.167277e-002 1.596043e+000 
4.675000e+000 9.952985e-001 7.602738e-003 1.617101e+000 
4.950000e+000 9.969943e-001 4.917624e-003 1.636090e+000 
5.225000e+000 9.980879e-001 3.161226e-003 1.653299e+000 
5.500000e+000 9.987891e-001 2.020908e-003 1.668965e+000 
5.775000e+000 9.992363e-001 1.285474e-003 1.683285e+000 
6.050000e+000 9.995202e-001 8.139693e-004 1.696425e+000 
6.325000e+000 9.996996e-001 5.132825e-004 1.708524e+000 
6.600000e+000 9.998125e-001 3.224493e-004 1.719700e+000 
6.875000e+000 9.998833e-001 2.018631e-004 1.730054e+000 
7.150000e+000 9.999276e-001 1.259685e-004 0.000000e+000 
7.425000e+000 9.999552e-001 7.837558e-005 0.000000e+000 
7.700000e+000 9.999723e-001 4.863035e-005 0.000000e+000 
7.975000e+000 9.999829e-001 3.009715e-005 0.000000e+000 
8.250000e+000 9.999895e-001 1.858275e-005 0.000000e+000 
8.525000e+000 9.999936e-001 1.144798e-005 0.000000e+000 
8.800000e+000 9.999961e-001 7.037910e-006 0.000000e+000 
9.075000e+000 9.999976e-001 4.318270e-006 0.000000e+000 
9.350000e+000 9.999985e-001 2.644709e-006 0.000000e+000 
9.625000e+000 9.999991e-001 1.616941e-006 0.000000e+000 
9.900000e+000 9.999995e-001 9.869638e-007 0.000000e+000 
1.017500e+001 9.999997e-001 6.015030e-007 0.000000e+000 
1.045000e+001 9.999998e-001 3.660493e-007 0.000000e+000 
1.072500e+001 9.999999e-001 2.224538e-007 0.000000e+000 
1.100000e+001 9.999999e-001 1.350108e-007 0.000000e+000 
1.127500e+001 1.000000e+000 8.183790e-008 0.000000e+000 
1.155000e+001 1.000000e+000 4.954770e-008 0.000000e+000 
1.182500e+001 1.000000e+000 2.996401e-008 0.000000e+000 
1.210000e+001 1.000000e+000 1.810116e-008 0.000000e+000 
1.237500e+001 1.000000e+000 1.092356e-008 0.000000e+000 
1.265000e+001 1.000000e+000 6.585564e-009 0.000000e+000 
1.292500e+001 1.000000e+000 3.966534e-009 0.000000e+000 
1.320000e+001 1.000000e+000 2.386910e-009 0.000000e+000 
1.347500e+001 1.000000e+000 1.435106e-009 0.000000e+000 
1.375000e+001 1.000000e+000 8.621241e-010 0.000000e+000 
1.402500e+001 1.000000e+000 5.174975e-010 0.000000e+000 
1.430000e+001 1.000000e+000 3.103936e-010 0.000000e+000 
1.457500e+001 1.000000e+000 1.860355e-010 0.000000e+000 
1.485000e+001 1.000000e+000 1.114217e-010 0.000000e+000 
1.512500e+001 1.000000e+000 6.668770e-011 0.000000e+000 
1.540000e+001 1.000000e+000 3.988729e-011 0.000000e+000 
1.567500e+001 1.000000e+000 2.384220e-011 0.000000e+000 
1.595000e+001 1.000000e+000 1.424265e-011 0.000000e+000 
1.622500e+001 1.000000e+000 8.503091e-012 0.000000e+000 
1.650000e+001 1.000000e+000 5.073567e-012 0.000000e+000 
1.677500e+001 1.000000e+000 3.025581e-012 0.000000e+000 
1.705000e+001 1.000000e+000 1.803311e-012 0.000000e+000 
1.732500e+001 1.000000e+000 1.074253e-012 0.000000e+000 
1.760000e+001 1.000000e+000 6.396219e-013 0.000000e+000 
1.787500e+001 1.000000e+000 3.806521e-013 0.000000e+000 
1.815000e+001 1.000000e+000 2.264266e-013 0.000000e+000 
1.842500e+001 1.000000e+000 1.346255e-013 0.000000e+000 
1.870000e+001 1.000000e+000 8.000805e-014 0.000000e+000 
1.897500e+001 1.000000e+000 4.752829e-014 0.000000e+000 
1.925000e+001 1.000000e+000 2.822202e-014 0.000000e+000 
1.952500e+001 1.000000e+000 1.675124e-014 0.000000e+000 
1.980000e+001 1.000000e+000 9.938785e-015 0.000000e+000 
2.007500e+001 1.000000e+000 5.894570e-015 0.000000e+000 
2.035000e+001 1.000000e+000 3.494685e-015 0.000000e+000 
2.062500e+001 1.000000e+000 2.071120e-015 0.000000e+000 
2.090000e+001 1.000000e+000 1.227010e-015 0.000000e+000 
2.117500e+001 1.000000e+000 7.266752e-016 0.000000e+000 
2.145000e+001 1.000000e+000 4.302157e-016 0.000000e+000 
2.172500e+001 1.000000e+000 2.546181e-016 0.000000e+000 
2.200000e+001 1.000000e+000 1.506445e-016 0.000000e+000 
2.227500e+001 1.000000e+000 8.910076e-017 0.000000e+000 
2.255000e+001 1.000000e+000 5.268381e-017 0.000000e+000 
2.282500e+001 1.000000e+000 3.114180e-017 0.000000e+000 
2.310000e+001 1.000000e+000 1.840282e-017 0.000000e+000 
2.337500e+001 1.000000e+000 1.087181e-017 0.000000e+000 
2.365000e+001 1.000000e+000 6.420943e-018 0.000000e+000 
2.392500e+001 1.000000e+000 3.791216e-018 0.000000e+000 
2.420000e+001 1.000000e+000 2.237915e-018 0.000000e+000 
2.447500e+001 1.000000e+000 1.320676e-018 0.000000e+000 
2.475000e+001 1.000000e+000 7.791829e-019 0.000000e+000 
2.502500e+001 1.000000e+000 4.595950e-019 0.000000e+000 
2.530000e+001 1.000000e+000 2.710231e-019 0.000000e+000 
2.557500e+001 1.000000e+000 1.597845e-019 0.000000e+000 
2.585000e+001 1.000000e+000 9.418084e-020 0.000000e+000 
2.612500e+001 1.000000e+000 5.549990e-020 0.000000e+000 
2.640000e+001 1.000000e+000 3.269833e-020 0.000000e+000 
2.667500e+001 1.000000e+000 1.926037e-020 0.000000e+000 
2.695000e+001 1.000000e+000 1.134257e-020 0.000000e+000 
2.722500e+001 1.000000e+000 6.678329e-021 0.000000e+000 
2.750000e+001 1.000000e+000 3.931294e-021 0.000000e+000 
2.777500e+001 1.000000e+000 2.313750e-021 0.000000e+000 
2.805000e+001 1.000000e+000 1.361483e-021 0.000000e+000 
2.832500e+001 1.000000e+000 8.009849e-022 0.000000e+000 
2.860000e+001 1.000000e+000 4.711451e-022 0.000000e+000 
2.887500e+001 1.000000e+000 2.770797e-022 0.000000e+000 
2.915000e+001 1.000000e+000 1.629206e-022 0.000000e+000 
2.942500e+001 1.000000e+000 9.577891e-023 0.000000e+000 
2.970000e+001 1.000000e+000 5.629735e-023 0.000000e+000 
2.997500e+001 1.000000e+000 3.308503e-023 0.000000e+000 
3.025000e+001 1.000000e+000 1.944026e-023 0.000000e+000 
3.052500e+001 1.000000e+000 1.142091e-023 0.000000e+000 
3.080000e+001 1.000000e+000 6.708555e-024 0.000000e+000 
3.107500e+001 1.000000e+000 3.939925e-024 0.000000e+000 
3.135000e+001 1.000000e+000 2.313550e-024 0.000000e+000 
3.162500e+001 1.000000e+000 1.358323e-024 0.000000e+000 
3.190000e+001 1.000000e+000 7.973727e-025 0.000000e+000 
3.217500e+001 1.000000e+000 4.680101e-025 0.000000e+000 
3.245000e+001 1.000000e+000 2.746538e-025 0.000000e+000 
3.272500e+001 1.000000e+000 1.611587e-025 0.000000e+000 
3.300000e+001 1.000000e+000 9.454974e-026 0.000000e+000 
3.327500e+001 1.000000e+000 5.546343e-026 0.000000e+000 
3.355000e+001 1.000000e+000 3.253072e-026 0.000000e+000 
3.382500e+001 1.000000e+000 1.907754e-026 0.000000e+000 
3.410000e+001 1.000000e+000 1.118649e-026 0.000000e+000 
3.437500e+001 1.000000e+000 6.558559e-027 0.000000e+000 
3.465000e+001 1.000000e+000 3.844746e-027 0.000000e+000 
3.492500e+001 1.000000e+000 2.253575e-027 0.000000e+000 
3.520000e+001 1.000000e+000 1.320756e-027 0.000000e+000 
3.547500e+001 1.000000e+000 7.739632e-028 0.000000e+000 
3.575000e+001 1.000000e+000 4.534879e-028 0.000000e+000 
3.602500e+001 1.000000e+000 2.656805e-028 0.000000e+000 
3.630000e+001 1.000000e+000 1.556335e-028 0.000000e+000 
3.657500e+001 1.000000e+000 9.115839e-029 0.000000e+000 
3.685000e+001 1.000000e+000 5.338768e-029 0.000000e+000 
3.712500e+001 1.000000e+000 3.126347e-029 0.000000e+000 
3.740000e+001 1.000000e+000 1.830567e-029 0.000000e+000 
3.767500e+001 1.000000e+000 1.071734e-029 0.000000e+000 
3.795000e+001 1.000000e+000 6.273965e-030 0.000000e+000 
3.822500e+001 1.000000e+000 3.672414e-030 0.000000e+000 
3.850000e+001 1.000000e+000 2.149395e-030 0.000000e+000 
3.877500e+001 1.000000e+000 1.257872e-030 0.000000e+000 
3.905000e+001 1.000000e+000 7.360598e-031 0.000000e+000 
3.932500e+001 1.000000e+000 4.306719e-031 0.000000e+000 
3.960000e+001 1.000000e+000 2.519635e-031 0.000000e+000 
3.987500e+001 1.000000e+000 1.473964e-031 0.000000e+000 
4.015000e+001 1.000000e+000 8.621733e-032 0.000000e+000 
4.042500e+001 1.000000e+000 5.042683e-032 0.000000e+000 
4.070000e+001 1.000000e+000 2.949093e-032 0.000000e+000 
4.097500e+001 1.000000e+000 1.724550e-032 0.000000e+000 
4.125000e+001 1.000000e+000 1.008379e-032 0.000000e+000 
4.152500e+001 1.000000e+000 5.895672e-033 0.000000e+000 
4.180000e+001 1.000000e+000 3.446710e-033 0.000000e+000 
4.207500e+001 1.000000e+000 2.014831e-033 0.000000e+000 
4.235000e+001 1.000000e+000 1.177701e-033 0.000000e+000 
4.262500e+001 1.000000e+000 6.883278e-034 0.000000e+000 
4.290000e+001 1.000000e+000 4.022714e-034 0.000000e+000 
4.317500e+001 1.000000e+000 2.350755e-034 0.000000e+000 
4.345000e+001 1.000000e+000 1.373600e-034 0.000000e+000 
4.372500e+001 1.000000e+000 8.025620e-035 0.000000e+000 
4.400000e+001 1.000000e+000 4.688808e-035 0.000000e+000 
4.427500e+001 1.000000e+000 2.739128e-035 0.000000e+000 
4.455000e+001 1.000000e+000 1.600032e-035 0.000000e+000 
4.482500e+001 1.000000e+000 9.345704e-036 0.000000e+000 
4.510000e+001 1.000000e+000 5.458366e-036 0.000000e+000 
4.537500e+001 1.000000e+000 3.187726e-036 0.000000e+000 
4.565000e+001 1.000000e+000 1.861518e-036 0.000000e+000 
4.592500e+001 1.000000e+000 1.086982e-036 0.000000e+000 
4.620000e+001 1.000000e+000 6.346671e-037 0.000000e+000 
4.647500e+001 1.000000e+000 3.705433e-037 0.000000e+000 
4.675000e+001 1.000000e+000 2.163224e-037 0.000000e+000 
4.702500e+001 1.000000e+000 1.262798e-037 0.000000e+000 
4.730000e+001 1.000000e+000 7.371176e-038 0.000000e+000 
4.757500e+001 1.000000e+000 4.302394e-038 0.000000e+000 
4.785000e+001 1.000000e+000 2.511046e-038 0.000000e+000 
4.812500e+001 1.000000e+000 1.465448e-038 0.000000e+000 
4.840000e+001 1.000000e+000 8.551802e-039 0.000000e+000 
4.867500e+001 1.000000e+000 4.990189e-039 0.000000e+000 
4.895000e+001 1.000000e+000 2.911713e-039 0.000000e+000 
4.922500e+001 1.000000e+000 1.698841e-039 0.000000e+000 
4.950000e+001 1.000000e+000 9.911281e-040 0.000000e+000 
4.977500e+001 1.000000e+000 5.782026e-040 0.000000e+000 
5.005000e+001 1.000000e+000 3.372903e-040 0.000000e+000 
5.032500e+001 1.000000e+000 1.967439e-040 0.000000e+000 
5.060000e+001 1.000000e+000 1.147553e-040 0.000000e+000 
5.087500e+001 1.000000e+000 6.692969e-041 0.000000e+000 
5.115000e+001 1.000000e+000 3.903367e-041 0.000000e+000 
5.142500e+001 1.000000e+000 2.276328e-041 0.000000e+000 
5.170000e+001 1.000000e+000 1.327411e-041 0.000000e+000 
5.197500e+001 1.000000e+000 7.740187e-042 0.000000e+000 
5.225000e+001 1.000000e+000 4.513081e-042 0.000000e+000 
5.252500e+001 1.000000e+000 2.631303e-042 0.000000e+000 
5.280000e+001 1.000000e+000 1.534068e-042 0.000000e+000 
5.307500e+001 1.000000e+000 8.943241e-043 0.000000e+000 
5.335000e+001 1.000000e+000 5.213410e-043 0.000000e+000 
5.362500e+001 1.000000e+000 3.038965e-043 0.000000e+000 
5.390000e+001 1.000000e+000 1.771360e-043 0.000000e+000 
5.417500e+001 1.000000e+000 1.032441e-043 0.000000e+000 
5.445000e+001 1.000000e+000 6.017294e-044 0.000000e+000 
5.472500e+001 1.000000e+000 3.506833e-044 0.000000e+000 
5.500000e+001 1.000000e+000 2.043653e-044 0.000000e+000 
5.527500e+001 1.000000e+000 1.190906e-044 0.000000e+000 
5.555000e+001 1.000000e+000 6.939466e-045 0.000000e+000 
5.582500e+001 1.000000e+000 4.043464e-045 0.000000e+000 
5.610000e+001 1.000000e+000 2.355917e-045 0.000000e+000 
5.637500e+001 1.000000e+000 1.372604e-045 0.000000e+000 
5.665000e+001 1.000000e+000 7.996690e-046 0.000000e+000 
5.692500e+001 1.000000e+000 4.658591e-046 0.000000e+000 
5.720000e+001 1.000000e+000 2.713805e-046 0.000000e+000 
5.747500e+001 1.000000e+000 1.580821e-046 0.000000e+000 
5.775000e+001 1.000000e+000 9.208033e-047 0.000000e+000 
5.802500e+001 1.000000e+000 5.363290e-047 0.000000e+000 
5.830000e+001 1.000000e+000 3.123750e-047 0.000000e+000 
5.857500e+001 1.000000e+000 1.819290e-047 0.000000e+000 
5.885000e+001 1.000000e+000 1.059518e-047 0.000000e+000 
5.912500e+001 1.000000e+000 6.170151e-048 0.000000e+000 
5.940000e+001 1.000000e+000 3.593060e-048 0.000000e+000 
5.967500e+001 1.000000e+000 2.092255e-048 0.000000e+000 
5.995000e+001 1.000000e+000 1.218277e-048 0.000000e+000 
6.022500e+001 1.000000e+000 7.093483e-049 0.000000e+000 
6.050000e+001 1.000000e+000 4.130045e-049 0.000000e+000 
6.077500e+001 1.000000e+000 2.404540e-049 0.000000e+000 
6.105000e+001 1.000000e+000 1.399883e-049 0.000000e+000 
6.132500e+001 1.000000e+000 8.149548e-050 0.000000e+000 
6.160000e+001 1.000000e+000 4.744145e-050 0.000000e+000 
6.187500e+001 1.000000e+000 2.761627e-050 0.000000e+000 
6.215000e+001 1.000000e+000 1.607515e-050 0.000000e+000 
6.242500e+001 1.000000e+000 9.356813e-051 0.000000e+000 
6.270000e+001 1.000000e+000 5.446080e-051 0.000000e+000 
6.297500e+001 1.000000e+000 3.169738e-051 0.000000e+000 
6.325000e+001 1.000000e+000 1.844787e-051 0.000000e+000 
6.352500e+001 1.000000e+000 1.073625e-051 0.000000e+000 
6.380000e+001 1.000000e+000 6.248025e-052 0.000000e+000 
6.407500e+001 1.000000e+000 3.635941e-052 0.000000e+000 
6.435000e+001 1.000000e+000 2.115801e-052 0.000000e+000 
6.462500e+001 1.000000e+000 1.231167e-052 0.000000e+000 
6.490000e+001 1.000000e+000 7.163797e-053 0.000000e+000 
6.517500e+001 1.000000e+000 4.168253e-053 0.000000e+000 
6.545000e+001 1.000000e+000 2.425210e-053 0.000000e+000 
6.572500e+001 1.000000e+000 1.411008e-053 0.000000e+000 
6.600000e+001 1.000000e+000 8.209075e-054 0.000000e+000 
6.627500e+001 1.000000e+000 4.775776e-054 0.000000e+000 
6.655000e+001 1.000000e+000 2.778297e-054 0.000000e+000 
6.682500e+001 1.000000e+000 1.616213e-054 0.000000e+000 
6.710000e+001 1.000000e+000 9.401645e-055 0.000000e+000 
6.737500e+001 1.000000e+000 5.468831e-055 0.000000e+000 
6.765000e+001 1.000000e+000 3.181051e-055 0.000000e+000 
6.792500e+001 1.000000e+000 1.850259e-055 0.000000e+000 
6.820000e+001 1.000000e+000 1.076168e-055 0.000000e+000 
6.847500e+001 1.000000e+000 6.259123e-056 0.000000e+000 
6.875000e+001 1.000000e+000 3.640264e-056 0.000000e+000 
6.902500e+001 1.000000e+000 2.117086e-056 0.000000e+000 
6.930000e+001 1.000000e+000 1.231205e-056 0.000000e+000 
6.957500e+001 1.000000e+000 7.159922e-057 0.000000e+000 
6.985000e+001 1.000000e+000 4.163636e-057 0.000000e+000 
7.012500e+001 1.000000e+000 2.421162e-057 0.000000e+000 
7.040000e+001 1.000000e+000 1.407867e-057 0.000000e+000 
7.067500e+001 1.000000e+000 8.186268e-058 0.000000e+000 
7.095000e+001 1.000000e+000 4.759894e-058 0.000000e+000 
7.122500e+001 1.000000e+000 2.767550e-058 0.000000e+000 
7.150000e+001 1.000000e+000 1.609092e-058 0.000000e+000 
7.177500e+001 1.000000e+000 9.355202e-059 0.000000e+000 
7.205000e+001 1.000000e+000 5.438922e-059 0.000000e+000 
7.232500e+001 1.000000e+000 3.161986e-059 0.000000e+000 
7.260000e+001 1.000000e+000 1.838207e-059 0.000000e+000 
7.287500e+001 1.000000e+000 1.068603e-059 0.000000e+000 
7.315000e+001 1.000000e+000 6.211922e-060 0.000000e+000 
7.342500e+001 1.000000e+000 3.610966e-060 0.000000e+000 
7.370000e+001 1.000000e+000 2.098981e-060 0.000000e+000 
7.397500e+001 1.000000e+000 1.220061e-060 0.000000e+000 
7.425000e+001 1.000000e+000 7.091576e-061 0.000000e+000 
7.452500e+001 1.000000e+000 4.121847e-061 0.000000e+000 
7.480000e+001 1.000000e+000 2.395682e-061 0.000000e+000 
7.507500e+001 1.000000e+000 1.392371e-061 0.000000e+000 
7.535000e+001 1.000000e+000 8.092241e-062 0.000000e+000 
7.562500e+001 1.000000e+000 4.702959e-062 0.000000e+000 
7.590000e+001 1.000000e+000 2.733141e-062 0.000000e+000 
7.617500e+001 1.000000e+000 1.588333e-062 0.000000e+000 
7.645000e+001 1.000000e+000 9.230171e-063 0.000000e+000 
7.672500e+001 1.000000e+000 5.363727e-063 0.000000e+000 
7.700000e+001 1.000000e+000 3.116825e-063 0.000000e+000 
7.727500e+001 1.000000e+000 1.811120e-063 0.000000e+000 
7.755000e+001 1.000000e+000 1.052376e-063 0.000000e+000 
7.782500e+001 1.000000e+000 6.114819e-064 0.000000e+000 
7.810000e+001 1.000000e+000 3.552921e-064 0.000000e+000 
7.837500e+001 1.000000e+000 2.064318e-064 0.000000e+000 
7.865000e+001 1.000000e+000 1.199381e-064 0.000000e+000 
7.892500e+001 1.000000e+000 6.968302e-065 0.000000e+000 
7.920000e+001 1.000000e+000 4.048427e-065 0.000000e+000 
7.947500e+001 1.000000e+000 2.351988e-065 0.000000e+000 
7.975000e+001 1.000000e+000 1.366386e-065 0.000000e+000 
8.002500e+001 1.000000e+000 7.937827e-066 0.000000e+000 
8.030000e+001 1.000000e+000 4.611258e-066 0.000000e+000 
8.057500e+001 1.000000e+000 2.678719e-066 0.000000e+000 
8.085000e+001 1.000000e+000 1.556054e-066 0.000000e+000 
8.112500e+001 1.000000e+000 9.038828e-067 0.000000e+000 
8.140000e+001 1.000000e+000 5.250367e-067 0.000000e+000 
8.167500e+001 1.000000e+000 3.049701e-067 0.000000e+000 
8.195000e+001 1.000000e+000 1.771393e-067 0.000000e+000 
8.222500e+001 1.000000e+000 1.028876e-067 0.000000e+000 
8.250000e+001 1.000000e+000 5.975871e-068 0.000000e+000 
8.277500e+001 1.000000e+000 3.470802e-068 0.000000e+000 
8.305000e+001 1.000000e+000 2.015806e-068 0.000000e+000 
8.332500e+001 1.000000e+000 1.170734e-068 0.000000e+000 
8.360000e+001 1.000000e+000 6.799208e-069 0.000000e+000 
8.387500e+001 1.000000e+000 3.948653e-069 0.000000e+000 
8.415000e+001 1.000000e+000 2.293138e-069 0.000000e+000 
8.442500e+001 1.000000e+000 1.331687e-069 0.000000e+000 
8.470000e+001 1.000000e+000 7.733303e-070 0.000000e+000 
8.497500e+001 1.000000e+000 4.490748e-070 0.000000e+000 
8.525000e+001 1.000000e+000 2.607734e-070 0.000000e+000 
8.552500e+001 1.000000e+000 1.514254e-070 0.000000e+000 
8.580000e+001 1.000000e+000 8.792761e-071 0.000000e+000 
8.607500e+001 1.000000e+000 5.105554e-071 0.000000e+000 
8.635000e+001 1.000000e+000 2.964501e-071 0.000000e+000 
8.662500e+001 1.000000e+000 1.721280e-071 0.000000e+000 
8.690000e+001 1.000000e+000 9.994077e-072 0.000000e+000 
8.717500e+001 1.000000e+000 5.802634e-072 0.000000e+000 
8.745000e+001 1.000000e+000 3.368985e-072 0.000000e+000 
8.772500e+001 1.000000e+000 1.955979e-072 0.000000e+000 
8.800000e+001 1.000000e+000 1.135588e-072 0.000000e+000 
8.827500e+001 1.000000e+000 6.592789e-073 0.000000e+000 
8.855000e+001 1.000000e+000 3.827445e-073 0.000000e+000 
8.882500e+001 1.000000e+000 2.221981e-073 0.000000e+000 
8.910000e+001 1.000000e+000 1.289922e-073 0.000000e+000 
8.937500e+001 1.000000e+000 7.488215e-074 0.000000e+000 
8.965000e+001 1.000000e+000 4.346953e-074 0.000000e+000 
8.992500e+001 1.000000e+000 2.523384e-074 0.000000e+000 
9.020000e+001 1.000000e+000 1.464784e-074 0.000000e+000 
9.047500e+001 1.000000e+000 8.502680e-075 0.000000e+000 
9.075000e+001 1.000000e+000 4.935487e-075 0.000000e+000 
9.102500e+001 1.000000e+000 2.864813e-075 0.000000e+000 
9.130000e+001 1.000000e+000 1.662856e-075 0.000000e+000 
9.157500e+001 1.000000e+000 9.651726e-076 0.000000e+000 
9.185000e+001 1.000000e+000 5.602058e-076 0.000000e+000 
9.212500e+001 1.000000e+000 3.251490e-076 0.000000e+000 
9.240000e+001 1.000000e+000 1.887163e-076 0.000000e+000 
9.267500e+001 1.000000e+000 1.095289e-076 0.000000e+000 
9.295000e+001 1.000000e+000 6.356829e-077 0.000000e+000 
9.322500e+001 1.000000e+000 3.689305e-077 0.000000e+000 
9.350000e+001 1.000000e+000 2.141121e-077 0.000000e+000 
9.377500e+001 1.000000e+000 1.242597e-077 0.000000e+000 
9.405000e+001 1.000000e+000 7.211270e-078 0.000000e+000 
9.432500e+001 1.000000e+000 4.184908e-078 0.000000e+000 
9.460000e+001 1.000000e+000 2.428581e-078 0.000000e+000 
9.487500e+001 1.000000e+000 1.409328e-078 0.000000e+000 
9.515000e+001 1.000000e+000 8.178322e-079 0.000000e+000 
9.542500e+001 1.000000e+000 4.745796e-079 0.000000e+000 
9.570000e+001 1.000000e+000 2.753891e-079 0.000000e+000 
9.597500e+001 1.000000e+000 1.598002e-079 0.000000e+000 
9.625000e+001 1.000000e+000 9.272580e-080 0.000000e+000 
9.652500e+001 1.000000e+000 5.380428e-080 0.000000e+000 
9.680000e+001 1.000000e+000 3.121951e-080 0.000000e+000 
9.707500e+001 1.000000e+000 1.811458e-080 0.000000e+000 
9.735000e+001 1.000000e+000 1.051050e-080 0.000000e+000 
9.762500e+001 1.000000e+000 6.098342e-081 0.000000e+000 
9.790000e+001 1.000000e+000 3.538288e-081 0.000000e+000 
9.817500e+001 1.000000e+000 2.052900e-081 0.000000e+000 
9.845000e+001 1.000000e+000 1.191065e-081 0.000000e+000 
9.872500e+001 1.000000e+000 6.910292e-082 0.000000e+000 
9.900000e+001 1.000000e+000 4.009135e-082 0.000000e+000 
9.927500e+001 1.000000e+000 2.325938e-082 0.000000e+000 
9.955000e+001 1.000000e+000 1.349395e-082 0.000000e+000 
9.982500e+001 1.000000e+000 7.828404e-083 0.000000e+000 
1.001000e+002 1.000000e+000 4.541516e-083 0.000000e+000 
1.003750e+002 1.000000e+000 2.634644e-083 0.000000e+000 
1.006500e+002 1.000000e+000 1.528398e-083 0.000000e+000 
1.009250e+002 1.000000e+000 8.866344e-084 0.000000e+000 
1.012000e+002 1.000000e+000 5.143352e-084 0.000000e+000 
1.014750e+002 1.000000e+000 2.983606e-084 0.000000e+000 
1.017500e+002 1.000000e+000 1.730734e-084 0.000000e+000 
1.020250e+002 1.000000e+000 1.003952e-084 0.000000e+000 
1.023000e+002 1.000000e+000 5.823565e-085 0.000000e+000 
1.025750e+002 1.000000e+000 3.377994e-085 0.000000e+000 
1.028500e+002 1.000000e+000 1.959397e-085 0.000000e+000 
1.031250e+002 1.000000e+000 1.136527e-085 0.000000e+000 
1.034000e+002 1.000000e+000 6.592212e-086 0.000000e+000 
1.036750e+002 1.000000e+000 3.823634e-086 0.000000e+000 
1.039500e+002 1.000000e+000 2.217764e-086 0.000000e+000 
1.042250e+002 1.000000e+000 1.286318e-086 0.000000e+000 
1.045000e+002 1.000000e+000 7.460624e-087 0.000000e+000 
1.047750e+002 1.000000e+000 4.327091e-087 0.000000e+000 
1.050500e+002 1.000000e+000 2.509637e-087 0.000000e+000 
1.053250e+002 1.000000e+000 1.455526e-087 0.000000e+000 
1.056000e+002 1.000000e+000 8.441563e-088 0.000000e+000 
1.058750e+002 1.000000e+000 4.895759e-088 0.000000e+000 
1.061500e+002 1.000000e+000 2.839300e-088 0.000000e+000 
1.064250e+002 1.000000e+000 1.646633e-088 0.000000e+000 
1.067000e+002 1.000000e+000 9.549406e-089 0.000000e+000 
1.069750e+002 1.000000e+000 5.537965e-089 0.000000e+000 
1.072500e+002 1.000000e+000 3.211577e-089 0.000000e+000 
1.075250e+002 1.000000e+000 1.862433e-089 0.000000e+000 
1.078000e+002 1.000000e+000 1.080034e-089 0.000000e+000 
1.080750e+002 1.000000e+000 6.263089e-090 0.000000e+000 
1.083500e+002 1.000000e+000 3.631901e-090 0.000000e+000 
1.086250e+002 1.000000e+000 2.106075e-090 0.000000e+000 
1.089000e+002 1.000000e+000 1.221260e-090 0.000000e+000 
1.091750e+002 1.000000e+000 7.081691e-091 0.000000e+000 
1.094500e+002 1.000000e+000 4.106390e-091 0.000000e+000 
1.097250e+002 1.000000e+000 2.381102e-091 0.000000e+000 
1.100000e+002 1.000000e+000 1.380671e-091 0.000000e+000 
1.102750e+002 1.000000e+000 8.005660e-092 0.000000e+000 
1.105500e+002 1.000000e+000 4.641930e-092 0.000000e+000 
1.108250e+002 1.000000e+000 2.691502e-092 0.000000e+000 
1.111000e+002 1.000000e+000 1.560578e-092 0.000000e+000 
1.113750e+002 1.000000e+000 9.048382e-093 0.000000e+000 
1.116500e+002 1.000000e+000 5.246275e-093 0.000000e+000 
1.119250e+002 1.000000e+000 3.041767e-093 0.000000e+000 
1.122000e+002 1.000000e+000 1.763582e-093 0.000000e+000 
1.124750e+002 1.000000e+000 1.022492e-093 0.000000e+000 
1.127500e+002 1.000000e+000 5.928150e-094 0.000000e+000 
1.130250e+002 1.000000e+000 3.436950e-094 0.000000e+000 
1.133000e+002 1.000000e+000 1.992609e-094 0.000000e+000 
1.135750e+002 1.000000e+000 1.155223e-094 0.000000e+000 
1.138500e+002 1.000000e+000 6.697375e-095 0.000000e+000 
1.141250e+002 1.000000e+000 3.882739e-095 0.000000e+000 
1.144000e+002 1.000000e+000 2.250955e-095 0.000000e+000 
1.146750e+002 1.000000e+000 1.304939e-095 0.000000e+000 
1.149500e+002 1.000000e+000 7.565000e-096 0.000000e+000 
1.152250e+002 1.000000e+000 4.385534e-096 0.000000e+000 
1.155000e+002 1.000000e+000 2.542326e-096 0.000000e+000 
1.157750e+002 1.000000e+000 1.473788e-096 0.000000e+000 
1.160500e+002 1.000000e+000 8.543459e-097 0.000000e+000 
1.163250e+002 1.000000e+000 4.952536e-097 0.000000e+000 
1.166000e+002 1.000000e+000 2.870891e-097 0.000000e+000 
1.168750e+002 1.000000e+000 1.664183e-097 0.000000e+000 
1.171500e+002 1.000000e+000 9.646738e-098 0.000000e+000 
1.174250e+002 1.000000e+000 5.591845e-098 0.000000e+000 
1.177000e+002 1.000000e+000 3.241344e-098 0.000000e+000 
1.179750e+002 1.000000e+000 1.878842e-098 0.000000e+000 
1.182500e+002 1.000000e+000 1.089057e-098 0.000000e+000 
1.185250e+002 1.000000e+000 6.312573e-099 0.000000e+000 
1.188000e+002 1.000000e+000 3.658959e-099 0.000000e+000 
1.190750e+002 1.000000e+000 2.120820e-099 0.000000e+000 
1.193500e+002 1.000000e+000 1.229265e-099 0.000000e+000 
1.196250e+002 1.000000e+000 7.124967e-100 0.000000e+000 
1.199000e+002 1.000000e+000 4.129671e-100 0.000000e+000 
1.201750e+002 1.000000e+000 2.393555e-100 0.000000e+000 
1.204500e+002 1.000000e+000 1.387289e-100 0.000000e+000 
1.207250e+002 1.000000e+000 8.040552e-101 0.000000e+000 
1.210000e+002 1.000000e+000 4.660154e-101 0.000000e+000 
1.212750e+002 1.000000e+000 2.700911e-101 0.000000e+000 
1.215500e+002 1.000000e+000 1.565365e-101 0.000000e+000 
1.218250e+002 1.000000e+000 9.072286e-102 0.000000e+000 
1.221000e+002 1.000000e+000 5.257912e-102 0.000000e+000 
1.223750e+002 1.000000e+000 3.047232e-102 0.000000e+000 
1.226500e+002 1.000000e+000 1.766011e-102 0.000000e+000 
1.229250e+002 1.000000e+000 1.023474e-102 0.000000e+000 
1.232000e+002 1.000000e+000 5.931382e-103 0.000000e+000 
1.234750e+002 1.000000e+000 3.437405e-103 0.000000e+000 
1.237500e+002 1.000000e+000 1.992054e-103 0.000000e+000 
1.240250e+002 1.000000e+000 1.154429e-103 0.000000e+000 
1.243000e+002 1.000000e+000 6.690047e-104 0.000000e+000 
1.245750e+002 1.000000e+000 3.876920e-104 0.000000e+000 
1.248500e+002 1.000000e+000 2.246675e-104 0.000000e+000 
1.251250e+002 1.000000e+000 1.301935e-104 0.000000e+000 
1.254000e+002 1.000000e+000 7.544569e-105 0.000000e+000 
1.256750e+002 1.000000e+000 4.371951e-105 0.000000e+000 
1.259500e+002 1.000000e+000 2.533448e-105 0.000000e+000 
1.262250e+002 1.000000e+000 1.468062e-105 0.000000e+000 
1.265000e+002 1.000000e+000 8.506931e-106 0.000000e+000 
1.267750e+002 1.000000e+000 4.929436e-106 0.000000e+000 
1.270500e+002 1.000000e+000 2.856389e-106 0.000000e+000 
1.273250e+002 1.000000e+000 1.655136e-106 0.000000e+000 
1.276000e+002 1.000000e+000 9.590597e-107 0.000000e+000 
1.278750e+002 1.000000e+000 5.557171e-107 0.000000e+000 
1.281500e+002 1.000000e+000 3.220014e-107 0.000000e+000 
1.284250e+002 1.000000e+000 1.865769e-107 0.000000e+000 
1.287000e+002 1.000000e+000 1.081070e-107 0.000000e+000 
1.289750e+002 1.000000e+000 6.263917e-108 0.000000e+000 
1.292500e+002 1.000000e+000 3.629394e-108 0.000000e+000 
1.295250e+002 1.000000e+000 2.102899e-108 0.000000e+000 
1.298000e+002 1.000000e+000 1.218425e-108 0.000000e+000 
