0.846171714757143
2.36801493374584
0.271113759739169
1.35430034396619
2.97355891209361
1.64094172397024
0.449928770677708
0.257405647485499
2.40501866141822
1.55064105554851
1.58691487071312
1.33903370295113
0.849188920126724
2.48315171447227
1.98783605569368
1.2063639587761
0.904167037758269
1.08516815524403
0.570457904464439
1.18337912156863
0.272168646533856
0.498367740453664
0.51214320839253
1.0097776977719
1.0276089078046
1.14978525809507
1.98389130933288
1.85369609780423
1.72626345120127
1.20153362767342
1.48680029345603
0.471306743436351
1.09103065845129
1.12376036032267
2.38737433406168
0.519776315556302
1.58946347782674
0.64743150015701
1.18495976604231
0.931713421753805
1.21633766217016
1.4777393398198
0.558255750158293
0.325432807591282
0.547167537803654
1.42654564482415
1.56814713092114
0.884419547956411
3.52742961543796
0.417663283327595
1.50147666500258
1.62945244321459
1.29225470152751
2.0854386128827
3.39609015298338
0.891944729038102
0.639289814908078
0.752198283183761
1.78752563395801
1.24510464573012
0.471206878917901
0.707780719614204
1.25456114230495
1.57314602478214
0.974141122882435
0.71628723305055
1.52605658208182
2.26750935461663
1.61771404289117
1.0056073818887
1.41847565221739
0.893353252459699
1.4458581133477
0.802879915805072
2.48041435349014
0.910386986517075
2.75524700266749
1.07060683739074
1.39942761117652
3.0517089388286
1.27996840624756
2.35282037833875
0.847433952577046
1.21465589493732
1.63290265592271
1.70121309022189
1.07458930632319
0.836526304247276
1.66337766292509
1.04874206685724
1.69435042982878
1.49941930580914
1.33494029924343
0.794790449434889
2.12601274122887
2.01620582072292
1.60301169848708
1.53320552547593
1.76598076639983
3.16726150645748
1.77204246084686
0.717667206397378
1.31239319999385
0.605231586478904
2.28954763824709
2.36227749519468
2.89051257315615
1.40723282272426
0.95892145296588
2.30439108533117
0.361946310640828
1.79631463218542
1.18436606789473
1.86637188817506
1.0513081246087
1.05000680526951
0.304489248496873
0.444071552559599
1.85299964662683
3.46158909189554
0.439569000199937
3.55110025940478
0.579911217667345
1.2347736768656
1.73470195776741
0.972900138829011
0.74952677906266
2.22076666627143
0.558149296478988
2.5064284757197
1.69200862063698
1.55870892339467
1.08552535344624
0.724270620781226
3.49897740855366
0.73261975697463
3.13390174428084
0.594246494608138
1.61892120482914
0.913892734321926
0.658212633725531
0.988859021550826
1.94682390896133
2.28145941537202
1.3178882626107
1.91720649873249
0.886436566850431
1.87330474712243
1.89976091553564
2.56290937042354
0.835933400655445
3.3275434803215
1.77000840969607
0.456493134134085
0.444970784274223
3.59265808010027
2.50285703666158
1.04917216526258
0.393315991233381
0.901845159187021
1.24593875875624
2.8958438839545
1.20765189654291
1.55946074162529
0.911242981962243
0.875305953746778
2.2622071214534
1.37987081653751
4.30776694852029
1.4865773024899
1.22443050456952
0.837414816588894
0.599654927682452
1.87198287079287
0.979034492075945
0.963564895553546
0.747289493958319
1.83262837544061
0.505351491672873
1.17961579506335
0.813970612768359
0.837146165393052
2.08631869184483
1.85802485659663
1.14214785258213
0.708491066669807
2.0551384071546
1.66690035126632
0.483108087222015
1.11245471994975
0.357062650695901
0.406097372700673
0.286120472878105
0.970694547106719
4.1191233011116
2.83313593057318
1.18096360348925
1.04957042712062
1.1617740275156
2.0594923255716
0.991426857807923
1.28755679489106
2.48921188321738
3.72011450051526
2.77284614429669
1.14695106743089
1.80750949389771
2.11509643843444
0.821220091969803
2.12675268427057
1.8495290297201
0.390287587356837
1.02986859400511
1.39201316641222
1.30963261528119
1.61141139625136
1.26958339358622
0.279304337637982
0.675418373879494
1.04880529825043
2.37982040899811
2.5077734474701
1.10204622491189
1.08282335362568
1.23038464132937
2.22231547875557
2.31936343624245
0.835155121727783
1.42061109027131
2.41477831350752
1.52553008061553
0.164757276128924
1.94108307559345
1.85489070873151
0.265652019004445
1.9198714877226
2.87960997501248
1.78036283526962
0.714029019075217
2.07434734127478
1.44475175342341
2.39847298484175
0.415645568887439
0.40163288237683
1.84898678957853
1.20237843665375
2.2378805633268
0.310625088243413
2.18387893384072
0.487007332004209
1.39271170903168
1.52790985080865
1.59642323411923
1.22401904636341
3.73340161548203
1.39194950967963
0.555068413792921
1.58141482008525
2.05203866376344
2.03111501840517
0.775159316190629
1.53859240048796
0.79079901986918
1.58376113017162
1.17450195060077
0.837682215272806
1.33586979113942
1.22913481520658
0.452007839057006
0.791660949993796
0.496818195980861
3.15440058020643
1.20641477471763
0.285666371166232
2.37422191217696
0.539954533333285
1.43614774376799
1.6694269733513
1.47070912082827
1.81978874100499
1.15487246260537
1.79275419225718
1.90849886976485
1.75557953376956
1.39773669973934
1.59058622984986
0.434701185394452
1.4866932543997
1.35185591634466
2.45814804838932
0.746526793581226
1.77118359389565
1.73978630877679
1.1259603021341
0.371423314128664
0.258607262570124
1.49845418824958
0.581387766378766
1.34723577339113
0.608966134486351
2.25468213269114
0.109814059502134
1.53040594121754
2.61581426042378
0.561690747156981
1.09696770844729
0.719867592445236
1.62098687504545
2.04584017763805
2.0277176096286
1.08651224866168
2.00525027667264
1.26621998361073
1.51061341032851
2.52056520014235
1.34775036731637
1.87706935761766
1.94157078639494
2.07779303677047
0.837142372573613
1.34822859176117
0.406891573890077
1.05805307755765
1.55443037358399
1.72462876881213
0.819446299587597
2.2192367023708
1.20654109276096
0.341597048057033
0.946937932987845
3.51390549900736
0.830199100189273
1.42672382869755
2.04499306460872
1.41782289058477
0.810163819835894
1.33731519527376
0.518797194045374
0.563177416207919
1.14827868075758
1.16586264388177
2.55063935573495
0.379195154065142
0.532095261259251
1.96336135335182
2.34094062371329
1.54979753783985
0.8151860374289
0.97412105926821
0.906920224713289
0.816112617281934
2.02874635063568
2.02651746547408
0.481992767692085
1.86175281460996
1.51357240442333
0.672997949740433
0.708095110375122
1.30900554745749
2.75828409063481
1.59864540329577
2.10334680480586
1.04123981905645
1.09891260641746
1.39028574953495
0.658191011631932
0.53804592726515
1.38979633360744
1.38229734479345
2.07716377432847
1.38854632024796
1.84750245198838
0.846997208100462
2.12544963439141
0.363724212858801
1.06833064843653
0.92309784759653
1.45635886452329
2.59960221546471
1.00512133501942
1.27071919258889
1.01236616737532
0.756941612376135
1.67530627860119
0.563561625339185
1.06114967170885
0.707313504957802
1.05255226566703
3.80241821101856
1.89011037658688
0.663138459081017
3.15279719345139
2.24326903626367
1.22847380683062
3.70288118570374
0.582210910384536
1.08895111390511
1.26565665763049
2.05413486113913
2.01173827560694
2.8479088785731
1.29410070650979
2.384572138966
0.957233897089766
1.51438114666621
2.00872343735438
1.39484068092993
0.653808808004719
1.27133842261196
3.24500989425177
1.38523078483765
1.36081814481115
1.51031085121162
1.04305820831741
1.47348173564854
1.37749375314861
1.79739795771836
0.956676248146859
1.30264398477351
2.19517129584028
0.876102054974215
2.15514674877659
0.187202531810258
2.14566097040357
1.36196773773872
0.533600362956094
0.681004829267899
0.747790481251441
1.93191940204621
1.34725865409666
2.02601011462201
2.57962010846768
3.28772195069184
1.22765252306872
1.55291853355104
0.908257672823864
1.13020524188847
1.83343846780053
1.31991944130743
1.16515318885624
1.58430668517823
0.852853209260948
1.45268968881807
1.44945275367056
0.639401252136197
1.6615689707101
1.00887661426276
1.48590878185336
0.972799927022488
2.36953271569905
0.70407768010963
0.743877871630821
1.12489179086889
2.01054602308021
1.18345888106891
0.740580127481058
1.24429652333177
1.34572437519419
0.403906430186739
2.62315270374992
0.589580848511437
1.43532844975061
1.91136326524654
2.2296098457369
1.08739170957305
0.440387609084174
2.64930207656115
2.29767077310777
1.99668060636632
1.03315774385885
2.2579391180278
1.2825712743759
1.4867888126478
1.24675018149161
0.333322705544397
0.812939830027997
1.73551961714673
1.40423987721809
0.737762532719832
0.490775428088136
2.04369252718209
0.185631397171452
0.53625399051687
1.69942304982786
1.79012611973535
1.17473147225627
5.22712657716962
2.11087800258941
0.473790835876887
3.8436614178916
1.83044791569637
1.41932506833966
0.113203418596201
1.88859884739393
2.04789504606543
0.674754011796093
2.76208179703464
1.16477091988519
1.36514187854312
1.12135867072218
1.15663215861942
0.719640890285796
1.98406458221766
0.7736654155938
2.70294676117126
0.279135096253091
1.35730094145603
0.826575893270961
1.48083920331317
3.17537852084712
1.24679183270143
0.904767270089267
1.03910923674964
0.893272047763479
1.25212885067421
2.100618506221
0.961375993130196
1.5758830570543
0.922314662451944
0.627511136090736
1.54753394326509
0.783919434030368
3.62155177900677
1.36652050792549
1.19092801823074
1.04510341372216
1.12798970726629
0.174854672251907
1.18934808399049
0.645734311322181
1.98381730866276
1.10122093809013
2.41956114893001
0.78827393589107
0.467201994593753
2.81888596443295
2.7798940807646
2.32279292585084
0.441334815056677
0.97575217260328
1.29287937797427
2.38011026359231
1.94915707855924
0.237313360762458
1.95202867141549
2.73635905602395
1.10298589851829
1.36970897330593
1.82595441924648
1.58882808618422
1.5340922550519
0.841051630171786
4.27362588920538
0.913875965828808
1.45126993891508
2.92249828807979
0.395597790597398
2.21296967868888
2.85344905755899
1.22663507116644
0.400746748282909
2.18272605807453
0.503059799872947
1.49275127205308
0.335338368525464
0.98796801380837
1.27522030181442
0.467879973134972
1.36516007989787
0.392849881159371
1.58662374673091
0.667258778540696
0.211916803290289
1.46106857517531
2.03794579308349
2.21294614462284
3.15870700135887
3.52200227994423
2.74078763335048
2.03455370057028
1.71454625418258
1.63771968422718
0.563999858162699
1.16772393335589
1.58204117783134
0.589573132738881
1.48811288221289
0.355552432248309
1.64064748263211
0.757233742367554
2.14369345572267
0.930520622788783
1.44994304215229
0.576825796132229
1.62165717683014
0.287821154981233
2.25451429102696
0.804996623865136
1.67088821972023
1.18331513924064
1.46430734466341
4.11518949885996
0.488560613921027
2.36019203340082
2.35929509591742
1.90173746012512
1.25147104000423
0.689817788656809
1.59762027217063
2.82702302565757
0.944117863192832
1.92290544653423
1.77200420558227
0.764821393161464
0.671463318917778
1.46297306008885
3.80977345462683
1.79656237916005
1.36810216347102
2.09680604718492
1.32200314678022
0.820089462040389
1.37650000177047
1.44152667282929
1.54692200881421
0.296611491389158
1.52280763741551
0.392637363423999
2.11937329315018
1.9468070091311
3.72903988394189
1.37695406734654
1.28721910033704
1.32752390927008
1.3057634642243
1.60569264391895
2.02533082339088
1.85464121716159
0.848783749234917
1.83144359427953
0.874845825211053
1.39060031421721
2.34050975423333
1.33549526589284
1.56809178456038
0.910678132724521
1.84131895277986
0.545005089064073
0.537200171713226
1.50989312000055
1.17988030313678
0.57972053811631
0.870976249930089
1.149865285701
0.563031661011527
1.49486502797808
3.14228564416428
0.619838509558916
2.60016871005831
2.06113406613189
0.286442311511126
0.433019877424699
2.61925008940854
1.60404581246667
1.885195043172
0.482821367228853
2.14461760481329
1.20096550998808
1.29350013470881
1.88045124304036
1.72980803727671
2.69608776148939
0.81235987764119
2.70806784695286
0.537234779399876
1.37665009964345
2.04447999703511
1.28073140296208
0.632958321601048
0.570704777436246
1.03414256433572
0.918922616843724
0.589829080837164
1.16794042644554
1.06210709293227
1.52679021970963
1.43898088677493
0.270265124195566
1.12729788249999
0.644541650157711
0.289213177197066
0.249891053007512
1.59959351141777
1.18304392201091
2.18355564814623
0.800941158838591
0.613938986534704
2.2080469055766
1.66200819713286
1.06389838216735
1.74415552438307
3.46288953447962
0.288432605922782
1.00340528329806
0.610059035241019
1.48980730953874
0.729389646478056
1.09891637450609
0.853895985725358
2.23718286360185
2.43280430623622
1.50560720764541
0.652754624044325
2.60155008964778
1.34458454936224
1.00163038760209
2.07178634596228
1.60556208241091
1.42953044933236
1.30673419057922
1.69490717481877
0.735738276180052
0.788620452896032
0.696007958257281
1.92464074248439
0.438779051570876
2.61882294926744
0.579268091531084
0.607812214331691
0.992802678107202
1.93138392998547
0.836194818493443
0.343663501015526
0.710823159337179
1.73595711401012
2.4416109476923
0.798648822047749
1.77586592648923
2.34444173469222
0.684319110964257
0.768865245295058
2.9247159073109
1.02394862366828
0.466503975817894
1.84123331313445
1.04024417265588
3.00124675284481
0.52969091670719
3.66986177213439
0.781504875746928
0.666869281829243
0.671468807395635
1.49648800424334
1.43271001738439
1.23921955085361
2.17546212767303
0.741867175145697
0.782441845845765
0.706939960324117
1.71812458753801
0.797698197414232
1.72148894411951
2.60714268697786
1.5747452430988
2.21970230317264
1.79095140886263
1.61631034822876
1.57385919762833
2.47932019401522
0.583209604726716
0.749147010895899
1.15716771420224
0.926608494682503
1.91646370397139
1.05096520797551
0.378696147254086
2.23164020440672
1.60948544883355
2.63958072534188
1.24396981404306
2.47834515288521
0.573365151133569
1.59934677970071
1.03852530653924
0.662798501028541
1.28894882716036
2.10689346594579
1.16507100504614
0.739109118899978
1.14302764713879
2.13208455221034
0.887084204587173
1.19335086001537
1.16115019671057
1.76671424214115
1.38254340363607
2.07849253300866
1.02854606705606
1.519985893489
0.656486348960879
1.92595021817723
0.86398027237734
1.00867688547829
0.582958036671726
1.60839057236302
1.81510787218122
0.471647561044862
1.81111253590612
1.42871849436368
2.74620985756774
0.571503949369768
1.88079228661902
0.727585319250774
0.268739100724106
0.77076379408202
0.437478082992409
1.5511195781184
0.831171883453076
0.625310290064121
5.36715026516461
1.41940867920525
2.01210256149108
2.40554342433863
0.756741062370239
1.72362291194629
1.59046484302027
0.818204950213542
1.0307333037425
1.33510809225273
0.511009803078536
1.9999075954674
0.369277636227792
2.22198419973117
1.14197401700691
2.67064199288468
0.832190449679652
2.78377894169705
3.7010497524343
0.904829335996209
1.59331229811584
0.660832279133162
3.57605442887978
1.76494256757689
1.52691214320699
2.60091569832193
2.23165357715751
1.08999955123069
1.24717112000874
2.51662563105001
0.865366390183376
3.20350443217634
1.33848259927203
2.31411520912935
1.93096519908255
0.497097244294716
1.92636619425162
1.1077414547123
1.64355140195468
1.65564668026854
0.891694895399105
0.121704804821707
1.1210721320396
1.13433822080094
1.78883053225832
1.62774083409183
1.60577747197892
1.62427100041565
1.72935679648167
1.8065527783386
2.53127922560999
1.78810447005163
3.33891971724819
1.42316952070465
0.0821345705303561
0.470389026607589
1.18239235482995
1.38629452452876
0.842511247941553
1.36631754410589
0.366722936045746
0.9320333495725
2.84819325569514
1.03323724656832
2.56166003763525
0.266704778866048
1.7286306536097
1.03311190772086
0.496541520632897
0.705160423950171
1.46725616746182
1.68431212216871
1.15970298706756
1.27514645953822
2.20067400322593
1.06886420320609
1.49198677144057
1.83459795694497
0.824392213155813
0.814678889142325
2.0101332319474
1.17210385153357
1.82754681041219
0.68855020185017
1.65678591705688
1.58050334852279
3.46726649617473
0.388104257405073
1.7446678859938
2.01199147199218
2.52749529460145
0.885486747504783
1.12453631156729
2.56695806865105
1.92563326700654
1.60511669190442
0.657835247355812
0.746806287852452
1.80170302510428
1.60735520644328
1.09552533959692
0.425176680085884
1.38936879180328
0.679876580619284
2.2609184795205
0.334490260851806
1.13828895607507
1.18814058279733
2.2736105771399
0.835703887353805
1.94286430860296
0.386331712500893
1.82838058636278
1.62329644790546
2.36099011153445
0.714476366207328
1.03134946239317
1.2506042153632
3.61367063346175
2.13388056408558
1.93089289002238
0.527338696093491
2.7259683919185
0.88877642378115
1.42531100956055
2.05522476756349
2.18513237004045
2.25928926692881
1.12436159330766
2.80694364340396
1.51744677680949
1.59541526529284
1.24145259206019
3.49733966110344
1.55619380122651
0.65407990557788
1.10393012718507
1.06874317298299
0.92706484054552
2.30203790763657
1.02758285387246
1.09923706776768
1.84761182594105
1.1589931872478
2.43717291421319
2.10794655590221
0.925263057254847
1.42738591086794
1.89302532615022
2.28301915941055
1.48043734896494
1.19050704315208
1.0572528551201
2.80860362427059
1.20152514272869
1.49098560496127
1.80587913480653
0.751773529149549
2.5179766994299
0.758980393278591
0.501087179033045
0.310979045282188
2.15100016962733
0.757627523629942
1.21596578157084
1.63875886305819
1.04817491393847
0.376752357546559
1.27211544629893
0.647436109116012
0.733010533352697
1.22045463707813
1.33556317988512
0.93266922379371
0.824593230069563
1.47282260836725
0.263584184569278
2.15486710334372
2.92559885526561
2.07798878819803
2.31828624279191
-1
